  L1_N1_N31 ( N1 N31 ) 0.00 0.00 0.00 0.00 ( 504000.00 162160.02 1008000.00 324319.93 1512000.00 486479.95 2016000.00 162160.02 2520000.00 324319.93 3024000.00 486479.95 4032000.00 324319.93 4536000.00 486479.95 5040000.00 648639.86 6048000.00 486479.95 11088000.00 1621599.76 )
  L2_N3_N30 ( N3 N30 ) 0.00 0.00 0.00 0.00 ( 504000.00 250610.94 1008000.00 501221.71 1512000.00 751832.65 2016000.00 250610.94 2520000.00 501221.71 3024000.00 751832.65 4032000.00 501221.71 4536000.00 751832.65 5040000.00 1002443.42 6048000.00 751832.65 11088000.00 2506108.72 )
  L3_N5_N51 ( N5 N51 ) 504000.00 147418.20 0.00 0.00 ( 504000.00 147418.20 1008000.00 294836.30 1512000.00 442254.50 2016000.00 147418.20 2520000.00 294836.30 3024000.00 442254.50 4032000.00 294836.30 4536000.00 442254.50 5040000.00 589672.60 6048000.00 442254.50 11088000.00 1474181.60 )
  L4_N5_N25 ( N5 N25 ) 504000.00 147418.20 0.00 0.00 ( 504000.00 147418.20 1008000.00 294836.30 1512000.00 442254.50 2016000.00 147418.20 2520000.00 294836.30 3024000.00 442254.50 4032000.00 294836.30 4536000.00 442254.50 5040000.00 589672.60 6048000.00 442254.50 11088000.00 1474181.60 )
  L5_N8_N35 ( N8 N35 ) 2520000.00 884508.90 0.00 0.00 ( 504000.00 442254.60 1008000.00 884508.90 1512000.00 1326763.50 2016000.00 442254.60 2520000.00 884508.90 3024000.00 1326763.50 4032000.00 884508.90 4536000.00 1326763.50 5040000.00 1769017.80 6048000.00 1326763.50 11088000.00 4422544.80 )
  L6_N8_N45 ( N8 N45 ) 2520000.00 1267796.09 0.00 0.00 ( 504000.00 633898.26 1008000.00 1267796.09 1512000.00 1901694.35 2016000.00 633898.26 2520000.00 1267796.09 3024000.00 1901694.35 4032000.00 1267796.09 4536000.00 1901694.35 5040000.00 2535592.18 6048000.00 1901694.35 11088000.00 6338980.88 )
  L7_N9_N30 ( N9 N30 ) 504000.00 117934.56 0.00 0.00 ( 504000.00 117934.56 1008000.00 235869.04 1512000.00 353803.60 2016000.00 117934.56 2520000.00 235869.04 3024000.00 353803.60 4032000.00 235869.04 4536000.00 353803.60 5040000.00 471738.08 6048000.00 353803.60 11088000.00 1179345.28 )
  L8_N10_N30 ( N10 N30 ) 0.00 0.00 0.00 0.00 ( 504000.00 353803.68 1008000.00 707607.12 1512000.00 1061410.80 2016000.00 353803.68 2520000.00 707607.12 3024000.00 1061410.80 4032000.00 707607.12 4536000.00 1061410.80 5040000.00 1415214.24 6048000.00 1061410.80 11088000.00 3538035.84 )
  L9_N10_N42 ( N10 N42 ) 504000.00 530705.52 0.00 0.00 ( 504000.00 530705.52 1008000.00 1061410.68 1512000.00 1592116.20 2016000.00 530705.52 2520000.00 1061410.68 3024000.00 1592116.20 4032000.00 1061410.68 4536000.00 1592116.20 5040000.00 2122821.36 6048000.00 1592116.20 11088000.00 5307053.76 )
  L10_N10_N2 ( N10 N2 ) 0.00 0.00 0.00 0.00 ( 504000.00 132676.38 1008000.00 265352.67 1512000.00 398029.05 2016000.00 132676.38 2520000.00 265352.67 3024000.00 398029.05 4032000.00 265352.67 4536000.00 398029.05 5040000.00 530705.34 6048000.00 398029.05 11088000.00 1326763.44 )
  L11_N13_N23 ( N13 N23 ) 504000.00 162160.02 0.00 0.00 ( 504000.00 162160.02 1008000.00 324319.93 1512000.00 486479.95 2016000.00 162160.02 2520000.00 324319.93 3024000.00 486479.95 4032000.00 324319.93 4536000.00 486479.95 5040000.00 648639.86 6048000.00 486479.95 11088000.00 1621599.76 )
  L12_N13_N62 ( N13 N62 ) 504000.00 339061.86 0.00 0.00 ( 504000.00 339061.86 1008000.00 678123.49 1512000.00 1017185.35 2016000.00 339061.86 2520000.00 678123.49 3024000.00 1017185.35 4032000.00 678123.49 4536000.00 1017185.35 5040000.00 1356246.98 6048000.00 1017185.35 11088000.00 3390617.68 )
  L13_N14_N22 ( N14 N22 ) 0.00 0.00 0.00 0.00 ( 504000.00 103192.74 1008000.00 206385.41 1512000.00 309578.15 2016000.00 103192.74 2520000.00 206385.41 3024000.00 309578.15 4032000.00 206385.41 4536000.00 309578.15 5040000.00 412770.82 6048000.00 309578.15 11088000.00 1031927.12 )
  L14_N14_N1 ( N14 N1 ) 0.00 0.00 0.00 0.00 ( 504000.00 132676.38 1008000.00 265352.67 1512000.00 398029.05 2016000.00 132676.38 2520000.00 265352.67 3024000.00 398029.05 4032000.00 265352.67 4536000.00 398029.05 5040000.00 530705.34 6048000.00 398029.05 11088000.00 1326763.44 )
  L15_N15_N59 ( N15 N59 ) 2520000.00 501221.71 0.00 0.00 ( 504000.00 250610.94 1008000.00 501221.71 1512000.00 751832.65 2016000.00 250610.94 2520000.00 501221.71 3024000.00 751832.65 4032000.00 501221.71 4536000.00 751832.65 5040000.00 1002443.42 6048000.00 751832.65 11088000.00 2506108.72 )
  L16_N16_N7 ( N16 N7 ) 504000.00 162160.02 0.00 0.00 ( 504000.00 162160.02 1008000.00 324319.93 1512000.00 486479.95 2016000.00 162160.02 2520000.00 324319.93 3024000.00 486479.95 4032000.00 324319.93 4536000.00 486479.95 5040000.00 648639.86 6048000.00 486479.95 11088000.00 1621599.76 )
  L17_N17_N19 ( N17 N19 ) 504000.00 250610.94 0.00 0.00 ( 504000.00 250610.94 1008000.00 501221.71 1512000.00 751832.65 2016000.00 250610.94 2520000.00 501221.71 3024000.00 751832.65 4032000.00 501221.71 4536000.00 751832.65 5040000.00 1002443.42 6048000.00 751832.65 11088000.00 2506108.72 )
  L18_N17_N6 ( N17 N6 ) 1008000.00 265352.67 0.00 0.00 ( 504000.00 132676.38 1008000.00 265352.67 1512000.00 398029.05 2016000.00 132676.38 2520000.00 265352.67 3024000.00 398029.05 4032000.00 265352.67 4536000.00 398029.05 5040000.00 530705.34 6048000.00 398029.05 11088000.00 1326763.44 )
  L19_N18_N64 ( N18 N64 ) 504000.00 206385.48 0.00 0.00 ( 504000.00 206385.48 1008000.00 412770.82 1512000.00 619156.30 2016000.00 206385.48 2520000.00 412770.82 3024000.00 619156.30 4032000.00 412770.82 4536000.00 619156.30 5040000.00 825541.64 6048000.00 619156.30 11088000.00 2063854.24 )
  L20_N18_N44 ( N18 N44 ) 504000.00 132676.38 0.00 0.00 ( 504000.00 132676.38 1008000.00 265352.67 1512000.00 398029.05 2016000.00 132676.38 2520000.00 265352.67 3024000.00 398029.05 4032000.00 265352.67 4536000.00 398029.05 5040000.00 530705.34 6048000.00 398029.05 11088000.00 1326763.44 )
  L21_N19_N45 ( N19 N45 ) 504000.00 235869.12 0.00 0.00 ( 504000.00 235869.12 1008000.00 471738.08 1512000.00 707607.20 2016000.00 235869.12 2520000.00 471738.08 3024000.00 707607.20 4032000.00 471738.08 4536000.00 707607.20 5040000.00 943476.16 6048000.00 707607.20 11088000.00 2358690.56 )
  L22_N21_N58 ( N21 N58 ) 504000.00 132676.38 0.00 0.00 ( 504000.00 132676.38 1008000.00 265352.67 1512000.00 398029.05 2016000.00 132676.38 2520000.00 265352.67 3024000.00 398029.05 4032000.00 265352.67 4536000.00 398029.05 5040000.00 530705.34 6048000.00 398029.05 11088000.00 1326763.44 )
  L23_N21_N9 ( N21 N9 ) 504000.00 58967.28 0.00 0.00 ( 504000.00 58967.28 1008000.00 117934.52 1512000.00 176901.80 2016000.00 58967.28 2520000.00 117934.52 3024000.00 176901.80 4032000.00 117934.52 4536000.00 176901.80 5040000.00 235869.04 6048000.00 176901.80 11088000.00 589672.64 )
  L24_N22_N41 ( N22 N41 ) 0.00 0.00 0.00 0.00 ( 504000.00 117934.56 1008000.00 235869.04 1512000.00 353803.60 2016000.00 117934.56 2520000.00 235869.04 3024000.00 353803.60 4032000.00 235869.04 4536000.00 353803.60 5040000.00 471738.08 6048000.00 353803.60 11088000.00 1179345.28 )
  L25_N24_N51 ( N24 N51 ) 0.00 0.00 0.00 0.00 ( 504000.00 398029.14 1008000.00 796058.01 1512000.00 1194087.15 2016000.00 398029.14 2520000.00 796058.01 3024000.00 1194087.15 4032000.00 796058.01 4536000.00 1194087.15 5040000.00 1592116.02 6048000.00 1194087.15 11088000.00 3980290.32 )
  L26_N24_N48 ( N24 N48 ) 504000.00 73709.10 0.00 0.00 ( 504000.00 73709.10 1008000.00 147418.15 1512000.00 221127.25 2016000.00 73709.10 2520000.00 147418.15 3024000.00 221127.25 4032000.00 147418.15 4536000.00 221127.25 5040000.00 294836.30 6048000.00 221127.25 11088000.00 737090.80 )
  L27_N24_N26 ( N24 N26 ) 0.00 0.00 0.00 0.00 ( 504000.00 486480.06 1008000.00 972959.79 1512000.00 1459439.85 2016000.00 486480.06 2520000.00 972959.79 3024000.00 1459439.85 4032000.00 972959.79 4536000.00 1459439.85 5040000.00 1945919.58 6048000.00 1459439.85 11088000.00 4864799.28 )
  L28_N25_N61 ( N25 N61 ) 504000.00 117934.56 0.00 0.00 ( 504000.00 117934.56 1008000.00 235869.04 1512000.00 353803.60 2016000.00 117934.56 2520000.00 235869.04 3024000.00 353803.60 4032000.00 235869.04 4536000.00 353803.60 5040000.00 471738.08 6048000.00 353803.60 11088000.00 1179345.28 )
  L29_N26_N15 ( N26 N15 ) 0.00 0.00 0.00 0.00 ( 504000.00 147418.20 1008000.00 294836.30 1512000.00 442254.50 2016000.00 147418.20 2520000.00 294836.30 3024000.00 442254.50 4032000.00 294836.30 4536000.00 442254.50 5040000.00 589672.60 6048000.00 442254.50 11088000.00 1474181.60 )
  L30_N27_N49 ( N27 N49 ) 504000.00 191643.66 0.00 0.00 ( 504000.00 191643.66 1008000.00 383287.19 1512000.00 574930.85 2016000.00 191643.66 2520000.00 383287.19 3024000.00 574930.85 4032000.00 383287.19 4536000.00 574930.85 5040000.00 766574.38 6048000.00 574930.85 11088000.00 1916436.08 )
  L31_N27_N17 ( N27 N17 ) 0.00 0.00 0.00 0.00 ( 504000.00 324320.04 1008000.00 648639.86 1512000.00 972959.90 2016000.00 324320.04 2520000.00 648639.86 3024000.00 972959.90 4032000.00 648639.86 4536000.00 972959.90 5040000.00 1297279.72 6048000.00 972959.90 11088000.00 3243199.52 )
  L32_N28_N32 ( N28 N32 ) 0.00 0.00 0.00 0.00 ( 504000.00 73709.10 1008000.00 147418.15 1512000.00 221127.25 2016000.00 73709.10 2520000.00 147418.15 3024000.00 221127.25 4032000.00 147418.15 4536000.00 221127.25 5040000.00 294836.30 6048000.00 221127.25 11088000.00 737090.80 )
  L33_N28_N30 ( N28 N30 ) 11088000.00 1031927.12 0.00 0.00 ( 504000.00 103192.74 1008000.00 206385.41 1512000.00 309578.15 2016000.00 103192.74 2520000.00 206385.41 3024000.00 309578.15 4032000.00 206385.41 4536000.00 309578.15 5040000.00 412770.82 6048000.00 309578.15 11088000.00 1031927.12 )
  L34_N28_N29 ( N28 N29 ) 0.00 0.00 0.00 0.00 ( 504000.00 103192.74 1008000.00 206385.41 1512000.00 309578.15 2016000.00 103192.74 2520000.00 206385.41 3024000.00 309578.15 4032000.00 206385.41 4536000.00 309578.15 5040000.00 412770.82 6048000.00 309578.15 11088000.00 1031927.12 )
  L35_N28_N31 ( N28 N31 ) 0.00 0.00 0.00 0.00 ( 504000.00 44225.46 1008000.00 88450.89 1512000.00 132676.35 2016000.00 44225.46 2520000.00 88450.89 3024000.00 132676.35 4032000.00 88450.89 4536000.00 132676.35 5040000.00 176901.78 6048000.00 132676.35 11088000.00 442254.48 )
  L36_N29_N30 ( N29 N30 ) 0.00 0.00 0.00 0.00 ( 504000.00 88450.92 1008000.00 176901.78 1512000.00 265352.70 2016000.00 88450.92 2520000.00 176901.78 3024000.00 265352.70 4032000.00 176901.78 4536000.00 265352.70 5040000.00 353803.56 6048000.00 265352.70 11088000.00 884508.96 )
  L37_N31_N32 ( N31 N32 ) 0.00 0.00 0.00 0.00 ( 504000.00 58967.28 1008000.00 117934.52 1512000.00 176901.80 2016000.00 58967.28 2520000.00 117934.52 3024000.00 176901.80 4032000.00 117934.52 4536000.00 176901.80 5040000.00 235869.04 6048000.00 176901.80 11088000.00 589672.64 )
  L38_N33_N9 ( N33 N9 ) 0.00 0.00 0.00 0.00 ( 504000.00 162160.02 1008000.00 324319.93 1512000.00 486479.95 2016000.00 162160.02 2520000.00 324319.93 3024000.00 486479.95 4032000.00 324319.93 4536000.00 486479.95 5040000.00 648639.86 6048000.00 486479.95 11088000.00 1621599.76 )
  L39_N33_N10 ( N33 N10 ) 0.00 0.00 0.00 0.00 ( 504000.00 280094.58 1008000.00 560188.97 1512000.00 840283.55 2016000.00 280094.58 2520000.00 560188.97 3024000.00 840283.55 4032000.00 560188.97 4536000.00 840283.55 5040000.00 1120377.94 6048000.00 840283.55 11088000.00 2800945.04 )
  L40_N33_N38 ( N33 N38 ) 0.00 0.00 0.00 0.00 ( 504000.00 206385.48 1008000.00 412770.82 1512000.00 619156.30 2016000.00 206385.48 2520000.00 412770.82 3024000.00 619156.30 4032000.00 412770.82 4536000.00 619156.30 5040000.00 825541.64 6048000.00 619156.30 11088000.00 2063854.24 )
  L41_N33_N30 ( N33 N30 ) 504000.00 265352.76 0.00 0.00 ( 504000.00 265352.76 1008000.00 530705.34 1512000.00 796058.10 2016000.00 265352.76 2520000.00 530705.34 3024000.00 796058.10 4032000.00 530705.34 4536000.00 796058.10 5040000.00 1061410.68 6048000.00 796058.10 11088000.00 2653526.88 )
  L42_N34_N55 ( N34 N55 ) 504000.00 427512.78 0.00 0.00 ( 504000.00 427512.78 1008000.00 855025.27 1512000.00 1282538.05 2016000.00 427512.78 2520000.00 855025.27 3024000.00 1282538.05 4032000.00 855025.27 4536000.00 1282538.05 5040000.00 1710050.54 6048000.00 1282538.05 11088000.00 4275126.64 )
  L43_N34_N64 ( N34 N64 ) 504000.00 368545.50 0.00 0.00 ( 504000.00 368545.50 1008000.00 737090.75 1512000.00 1105636.25 2016000.00 368545.50 2520000.00 737090.75 3024000.00 1105636.25 4032000.00 737090.75 4536000.00 1105636.25 5040000.00 1474181.50 6048000.00 1105636.25 11088000.00 3685454.00 )
  L44_N35_N12 ( N35 N12 ) 0.00 0.00 0.00 0.00 ( 504000.00 456996.42 1008000.00 913992.53 1512000.00 1370988.95 2016000.00 456996.42 2520000.00 913992.53 3024000.00 1370988.95 4032000.00 913992.53 4536000.00 1370988.95 5040000.00 1827985.06 6048000.00 1370988.95 11088000.00 4569962.96 )
  L45_N35_N11 ( N35 N11 ) 504000.00 206385.48 0.00 0.00 ( 504000.00 206385.48 1008000.00 412770.82 1512000.00 619156.30 2016000.00 206385.48 2520000.00 412770.82 3024000.00 619156.30 4032000.00 412770.82 4536000.00 619156.30 5040000.00 825541.64 6048000.00 619156.30 11088000.00 2063854.24 )
  L46_N36_N50 ( N36 N50 ) 504000.00 88450.92 0.00 0.00 ( 504000.00 88450.92 1008000.00 176901.78 1512000.00 265352.70 2016000.00 88450.92 2520000.00 176901.78 3024000.00 265352.70 4032000.00 176901.78 4536000.00 265352.70 5040000.00 353803.56 6048000.00 265352.70 11088000.00 884508.96 )
  L47_N37_N54 ( N37 N54 ) 504000.00 162160.02 0.00 0.00 ( 504000.00 162160.02 1008000.00 324319.93 1512000.00 486479.95 2016000.00 162160.02 2520000.00 324319.93 3024000.00 486479.95 4032000.00 324319.93 4536000.00 486479.95 5040000.00 648639.86 6048000.00 486479.95 11088000.00 1621599.76 )
  L48_N37_N46 ( N37 N46 ) 504000.00 176901.84 0.00 0.00 ( 504000.00 176901.84 1008000.00 353803.56 1512000.00 530705.40 2016000.00 176901.84 2520000.00 353803.56 3024000.00 530705.40 4032000.00 353803.56 4536000.00 530705.40 5040000.00 707607.12 6048000.00 530705.40 11088000.00 1769017.92 )
  L49_N38_N25 ( N38 N25 ) 0.00 0.00 0.00 0.00 ( 504000.00 250610.94 1008000.00 501221.71 1512000.00 751832.65 2016000.00 250610.94 2520000.00 501221.71 3024000.00 751832.65 4032000.00 501221.71 4536000.00 751832.65 5040000.00 1002443.42 6048000.00 751832.65 11088000.00 2506108.72 )
  L50_N38_N20 ( N38 N20 ) 504000.00 147418.20 0.00 0.00 ( 504000.00 147418.20 1008000.00 294836.30 1512000.00 442254.50 2016000.00 147418.20 2520000.00 294836.30 3024000.00 442254.50 4032000.00 294836.30 4536000.00 442254.50 5040000.00 589672.60 6048000.00 442254.50 11088000.00 1474181.60 )
  L51_N39_N31 ( N39 N31 ) 0.00 0.00 0.00 0.00 ( 504000.00 162160.02 1008000.00 324319.93 1512000.00 486479.95 2016000.00 162160.02 2520000.00 324319.93 3024000.00 486479.95 4032000.00 324319.93 4536000.00 486479.95 5040000.00 648639.86 6048000.00 486479.95 11088000.00 1621599.76 )
  L52_N39_N2 ( N39 N2 ) 0.00 0.00 0.00 0.00 ( 504000.00 235869.12 1008000.00 471738.08 1512000.00 707607.20 2016000.00 235869.12 2520000.00 471738.08 3024000.00 707607.20 4032000.00 471738.08 4536000.00 707607.20 5040000.00 943476.16 6048000.00 707607.20 11088000.00 2358690.56 )
  L53_N40_N7 ( N40 N7 ) 504000.00 176901.84 0.00 0.00 ( 504000.00 176901.84 1008000.00 353803.56 1512000.00 530705.40 2016000.00 176901.84 2520000.00 353803.56 3024000.00 530705.40 4032000.00 353803.56 4536000.00 530705.40 5040000.00 707607.12 6048000.00 530705.40 11088000.00 1769017.92 )
  L54_N40_N50 ( N40 N50 ) 504000.00 88450.92 0.00 0.00 ( 504000.00 88450.92 1008000.00 176901.78 1512000.00 265352.70 2016000.00 88450.92 2520000.00 176901.78 3024000.00 265352.70 4032000.00 176901.78 4536000.00 265352.70 5040000.00 353803.56 6048000.00 265352.70 11088000.00 884508.96 )
  L55_N41_N23 ( N41 N23 ) 504000.00 294836.40 0.00 0.00 ( 504000.00 294836.40 1008000.00 589672.60 1512000.00 884509.00 2016000.00 294836.40 2520000.00 589672.60 3024000.00 884509.00 4032000.00 589672.60 4536000.00 884509.00 5040000.00 1179345.20 6048000.00 884509.00 11088000.00 2948363.20 )
  L56_N42_N45 ( N42 N45 ) 0.00 0.00 0.00 0.00 ( 504000.00 368545.50 1008000.00 737090.75 1512000.00 1105636.25 2016000.00 368545.50 2520000.00 737090.75 3024000.00 1105636.25 4032000.00 737090.75 4536000.00 1105636.25 5040000.00 1474181.50 6048000.00 1105636.25 11088000.00 3685454.00 )
  L57_N43_N1 ( N43 N1 ) 0.00 0.00 0.00 0.00 ( 504000.00 191643.66 1008000.00 383287.19 1512000.00 574930.85 2016000.00 191643.66 2520000.00 383287.19 3024000.00 574930.85 4032000.00 383287.19 4536000.00 574930.85 5040000.00 766574.38 6048000.00 574930.85 11088000.00 1916436.08 )
  L58_N43_N13 ( N43 N13 ) 0.00 0.00 0.00 0.00 ( 504000.00 250610.94 1008000.00 501221.71 1512000.00 751832.65 2016000.00 250610.94 2520000.00 501221.71 3024000.00 751832.65 4032000.00 501221.71 4536000.00 751832.65 5040000.00 1002443.42 6048000.00 751832.65 11088000.00 2506108.72 )
  L59_N44_N56 ( N44 N56 ) 504000.00 221127.30 0.00 0.00 ( 504000.00 221127.30 1008000.00 442254.45 1512000.00 663381.75 2016000.00 221127.30 2520000.00 442254.45 3024000.00 663381.75 4032000.00 442254.45 4536000.00 663381.75 5040000.00 884508.90 6048000.00 663381.75 11088000.00 2211272.40 )
  L60_N45_N35 ( N45 N35 ) 0.00 0.00 0.00 0.00 ( 504000.00 530705.52 1008000.00 1061410.68 1512000.00 1592116.20 2016000.00 530705.52 2520000.00 1061410.68 3024000.00 1592116.20 4032000.00 1061410.68 4536000.00 1592116.20 5040000.00 2122821.36 6048000.00 1592116.20 11088000.00 5307053.76 )
  L61_N47_N42 ( N47 N42 ) 1008000.00 766574.38 0.00 0.00 ( 504000.00 383287.32 1008000.00 766574.38 1512000.00 1149861.70 2016000.00 383287.32 2520000.00 766574.38 3024000.00 1149861.70 4032000.00 766574.38 4536000.00 1149861.70 5040000.00 1533148.76 6048000.00 1149861.70 11088000.00 3832872.16 )
  L62_N47_N45 ( N47 N45 ) 3024000.00 1592116.20 0.00 0.00 ( 504000.00 530705.52 1008000.00 1061410.68 1512000.00 1592116.20 2016000.00 530705.52 2520000.00 1061410.68 3024000.00 1592116.20 4032000.00 1061410.68 4536000.00 1592116.20 5040000.00 2122821.36 6048000.00 1592116.20 11088000.00 5307053.76 )
  L63_N48_N61 ( N48 N61 ) 504000.00 117934.56 0.00 0.00 ( 504000.00 117934.56 1008000.00 235869.04 1512000.00 353803.60 2016000.00 117934.56 2520000.00 235869.04 3024000.00 353803.60 4032000.00 235869.04 4536000.00 353803.60 5040000.00 471738.08 6048000.00 353803.60 11088000.00 1179345.28 )
  L64_N49_N4 ( N49 N4 ) 504000.00 147418.20 0.00 0.00 ( 504000.00 147418.20 1008000.00 294836.30 1512000.00 442254.50 2016000.00 147418.20 2520000.00 294836.30 3024000.00 442254.50 4032000.00 294836.30 4536000.00 442254.50 5040000.00 589672.60 6048000.00 442254.50 11088000.00 1474181.60 )
  L65_N49_N26 ( N49 N26 ) 0.00 0.00 0.00 0.00 ( 504000.00 162160.02 1008000.00 324319.93 1512000.00 486479.95 2016000.00 162160.02 2520000.00 324319.93 3024000.00 486479.95 4032000.00 324319.93 4536000.00 486479.95 5040000.00 648639.86 6048000.00 486479.95 11088000.00 1621599.76 )
  L66_N52_N3 ( N52 N3 ) 504000.00 73709.10 0.00 0.00 ( 504000.00 73709.10 1008000.00 147418.15 1512000.00 221127.25 2016000.00 73709.10 2520000.00 147418.15 3024000.00 221127.25 4032000.00 147418.15 4536000.00 221127.25 5040000.00 294836.30 6048000.00 221127.25 11088000.00 737090.80 )
  L67_N52_N30 ( N52 N30 ) 504000.00 221127.30 0.00 0.00 ( 504000.00 221127.30 1008000.00 442254.45 1512000.00 663381.75 2016000.00 221127.30 2520000.00 442254.45 3024000.00 663381.75 4032000.00 442254.45 4536000.00 663381.75 5040000.00 884508.90 6048000.00 663381.75 11088000.00 2211272.40 )
  L68_N53_N28 ( N53 N28 ) 0.00 0.00 0.00 0.00 ( 504000.00 235869.12 1008000.00 471738.08 1512000.00 707607.20 2016000.00 235869.12 2520000.00 471738.08 3024000.00 707607.20 4032000.00 471738.08 4536000.00 707607.20 5040000.00 943476.16 6048000.00 707607.20 11088000.00 2358690.56 )
  L69_N53_N22 ( N53 N22 ) 0.00 0.00 0.00 0.00 ( 504000.00 117934.56 1008000.00 235869.04 1512000.00 353803.60 2016000.00 117934.56 2520000.00 235869.04 3024000.00 353803.60 4032000.00 235869.04 4536000.00 353803.60 5040000.00 471738.08 6048000.00 353803.60 11088000.00 1179345.28 )
  L70_N53_N36 ( N53 N36 ) 504000.00 132676.38 0.00 0.00 ( 504000.00 132676.38 1008000.00 265352.67 1512000.00 398029.05 2016000.00 132676.38 2520000.00 265352.67 3024000.00 398029.05 4032000.00 265352.67 4536000.00 398029.05 5040000.00 530705.34 6048000.00 398029.05 11088000.00 1326763.44 )
  L71_N54_N2 ( N54 N2 ) 0.00 0.00 0.00 0.00 ( 504000.00 103192.74 1008000.00 206385.41 1512000.00 309578.15 2016000.00 103192.74 2520000.00 206385.41 3024000.00 309578.15 4032000.00 206385.41 4536000.00 309578.15 5040000.00 412770.82 6048000.00 309578.15 11088000.00 1031927.12 )
  L72_N55_N52 ( N55 N52 ) 0.00 0.00 0.00 0.00 ( 504000.00 339061.86 1008000.00 678123.49 1512000.00 1017185.35 2016000.00 339061.86 2520000.00 678123.49 3024000.00 1017185.35 4032000.00 678123.49 4536000.00 1017185.35 5040000.00 1356246.98 6048000.00 1017185.35 11088000.00 3390617.68 )
  L73_N55_N56 ( N55 N56 ) 504000.00 250610.94 0.00 0.00 ( 504000.00 250610.94 1008000.00 501221.71 1512000.00 751832.65 2016000.00 250610.94 2520000.00 501221.71 3024000.00 751832.65 4032000.00 501221.71 4536000.00 751832.65 5040000.00 1002443.42 6048000.00 751832.65 11088000.00 2506108.72 )
  L74_N55_N51 ( N55 N51 ) 504000.00 280094.58 0.00 0.00 ( 504000.00 280094.58 1008000.00 560188.97 1512000.00 840283.55 2016000.00 280094.58 2520000.00 560188.97 3024000.00 840283.55 4032000.00 560188.97 4536000.00 840283.55 5040000.00 1120377.94 6048000.00 840283.55 11088000.00 2800945.04 )
  L75_N58_N30 ( N58 N30 ) 1008000.00 265352.67 0.00 0.00 ( 504000.00 132676.38 1008000.00 265352.67 1512000.00 398029.05 2016000.00 132676.38 2520000.00 265352.67 3024000.00 398029.05 4032000.00 265352.67 4536000.00 398029.05 5040000.00 530705.34 6048000.00 398029.05 11088000.00 1326763.44 )
  L76_N58_N20 ( N58 N20 ) 504000.00 73709.10 0.00 0.00 ( 504000.00 73709.10 1008000.00 147418.15 1512000.00 221127.25 2016000.00 73709.10 2520000.00 147418.15 3024000.00 221127.25 4032000.00 147418.15 4536000.00 221127.25 5040000.00 294836.30 6048000.00 221127.25 11088000.00 737090.80 )
  L77_N59_N45 ( N59 N45 ) 0.00 0.00 0.00 0.00 ( 504000.00 515963.70 1008000.00 1031927.05 1512000.00 1547890.75 2016000.00 515963.70 2520000.00 1031927.05 3024000.00 1547890.75 4032000.00 1031927.05 4536000.00 1547890.75 5040000.00 2063854.10 6048000.00 1547890.75 11088000.00 5159635.60 )
  L78_N59_N4 ( N59 N4 ) 504000.00 103192.74 0.00 0.00 ( 504000.00 103192.74 1008000.00 206385.41 1512000.00 309578.15 2016000.00 103192.74 2520000.00 206385.41 3024000.00 309578.15 4032000.00 206385.41 4536000.00 309578.15 5040000.00 412770.82 6048000.00 309578.15 11088000.00 1031927.12 )
  L79_N59_N57 ( N59 N57 ) 504000.00 250610.94 0.00 0.00 ( 504000.00 250610.94 1008000.00 501221.71 1512000.00 751832.65 2016000.00 250610.94 2520000.00 501221.71 3024000.00 751832.65 4032000.00 501221.71 4536000.00 751832.65 5040000.00 1002443.42 6048000.00 751832.65 11088000.00 2506108.72 )
  L80_N60_N57 ( N60 N57 ) 0.00 0.00 0.00 0.00 ( 504000.00 176901.84 1008000.00 353803.56 1512000.00 530705.40 2016000.00 176901.84 2520000.00 353803.56 3024000.00 530705.40 4032000.00 353803.56 4536000.00 530705.40 5040000.00 707607.12 6048000.00 530705.40 11088000.00 1769017.92 )
  L81_N60_N12 ( N60 N12 ) 504000.00 132676.38 0.00 0.00 ( 504000.00 132676.38 1008000.00 265352.67 1512000.00 398029.05 2016000.00 132676.38 2520000.00 265352.67 3024000.00 398029.05 4032000.00 265352.67 4536000.00 398029.05 5040000.00 530705.34 6048000.00 398029.05 11088000.00 1326763.44 )
  L82_N62_N16 ( N62 N16 ) 0.00 0.00 0.00 0.00 ( 504000.00 560189.16 1008000.00 1120377.94 1512000.00 1680567.10 2016000.00 560189.16 2520000.00 1120377.94 3024000.00 1680567.10 4032000.00 1120377.94 4536000.00 1680567.10 5040000.00 2240755.88 6048000.00 1680567.10 11088000.00 5601890.08 )
  L83_N63_N25 ( N63 N25 ) 504000.00 280094.58 0.00 0.00 ( 504000.00 280094.58 1008000.00 560188.97 1512000.00 840283.55 2016000.00 280094.58 2520000.00 560188.97 3024000.00 840283.55 4032000.00 560188.97 4536000.00 840283.55 5040000.00 1120377.94 6048000.00 840283.55 11088000.00 2800945.04 )
  L84_N63_N27 ( N63 N27 ) 504000.00 235869.12 0.00 0.00 ( 504000.00 235869.12 1008000.00 471738.08 1512000.00 707607.20 2016000.00 235869.12 2520000.00 471738.08 3024000.00 707607.20 4032000.00 471738.08 4536000.00 707607.20 5040000.00 943476.16 6048000.00 707607.20 11088000.00 2358690.56 )
  L85_N63_N33 ( N63 N33 ) 504000.00 147418.20 0.00 0.00 ( 504000.00 147418.20 1008000.00 294836.30 1512000.00 442254.50 2016000.00 147418.20 2520000.00 294836.30 3024000.00 442254.50 4032000.00 294836.30 4536000.00 442254.50 5040000.00 589672.60 6048000.00 442254.50 11088000.00 1474181.60 )
  L86_N63_N6 ( N63 N6 ) 1008000.00 442254.45 0.00 0.00 ( 504000.00 221127.30 1008000.00 442254.45 1512000.00 663381.75 2016000.00 221127.30 2520000.00 442254.45 3024000.00 663381.75 4032000.00 442254.45 4536000.00 663381.75 5040000.00 884508.90 6048000.00 663381.75 11088000.00 2211272.40 )
  L87_N65_N46 ( N65 N46 ) 2520000.00 1179345.20 0.00 0.00 ( 504000.00 589672.80 1008000.00 1179345.20 1512000.00 1769018.00 2016000.00 589672.80 2520000.00 1179345.20 3024000.00 1769018.00 4032000.00 1179345.20 4536000.00 1769018.00 5040000.00 2358690.40 6048000.00 1769018.00 11088000.00 5896726.40 )
  L88_N65_N43 ( N65 N43 ) 0.00 0.00 0.00 0.00 ( 504000.00 117934.56 1008000.00 235869.04 1512000.00 353803.60 2016000.00 117934.56 2520000.00 235869.04 3024000.00 353803.60 4032000.00 235869.04 4536000.00 353803.60 5040000.00 471738.08 6048000.00 353803.60 11088000.00 1179345.28 )
  L89_N3_N28 ( N3 N28 ) 504000.00 339061.86 0.00 0.00 ( 504000.00 339061.86 1008000.00 678123.49 1512000.00 1017185.35 2016000.00 339061.86 2520000.00 678123.49 3024000.00 1017185.35 4032000.00 678123.49 4536000.00 1017185.35 5040000.00 1356246.98 6048000.00 1017185.35 11088000.00 3390617.68 )
  L90_N10_N28 ( N10 N28 ) 3024000.00 1326763.50 0.00 0.00 ( 504000.00 442254.60 1008000.00 884508.90 1512000.00 1326763.50 2016000.00 442254.60 2520000.00 884508.90 3024000.00 1326763.50 4032000.00 884508.90 4536000.00 1326763.50 5040000.00 1769017.80 6048000.00 1326763.50 11088000.00 4422544.80 )
  L91_N10_N47 ( N10 N47 ) 2016000.00 913992.84 0.00 0.00 ( 504000.00 913992.84 1008000.00 1827985.06 1512000.00 2741977.90 2016000.00 913992.84 2520000.00 1827985.06 3024000.00 2741977.90 4032000.00 1827985.06 4536000.00 2741977.90 5040000.00 3655970.12 6048000.00 2741977.90 11088000.00 9139925.92 )
  L92_N31_N14 ( N31 N14 ) 504000.00 280094.58 0.00 0.00 ( 504000.00 280094.58 1008000.00 560188.97 1512000.00 840283.55 2016000.00 280094.58 2520000.00 560188.97 3024000.00 840283.55 4032000.00 560188.97 4536000.00 840283.55 5040000.00 1120377.94 6048000.00 840283.55 11088000.00 2800945.04 )
  L93_N14_N41 ( N14 N41 ) 504000.00 221127.30 0.00 0.00 ( 504000.00 221127.30 1008000.00 442254.45 1512000.00 663381.75 2016000.00 221127.30 2520000.00 442254.45 3024000.00 663381.75 4032000.00 442254.45 4536000.00 663381.75 5040000.00 884508.90 6048000.00 663381.75 11088000.00 2211272.40 )
  L94_N16_N13 ( N16 N13 ) 504000.00 899251.02 0.00 0.00 ( 504000.00 899251.02 1008000.00 1798501.43 1512000.00 2697752.45 2016000.00 899251.02 2520000.00 1798501.43 3024000.00 2697752.45 4032000.00 1798501.43 4536000.00 2697752.45 5040000.00 3597002.86 6048000.00 2697752.45 11088000.00 8992507.76 )
  L95_N24_N15 ( N24 N15 ) 2520000.00 1238312.46 0.00 0.00 ( 504000.00 619156.44 1008000.00 1238312.46 1512000.00 1857468.90 2016000.00 619156.44 2520000.00 1238312.46 3024000.00 1857468.90 4032000.00 1238312.46 4536000.00 1857468.90 5040000.00 2476624.92 6048000.00 1857468.90 11088000.00 6191562.72 )
  L96_N39_N28 ( N39 N28 ) 504000.00 191643.66 0.00 0.00 ( 504000.00 191643.66 1008000.00 383287.19 1512000.00 574930.85 2016000.00 191643.66 2520000.00 383287.19 3024000.00 574930.85 4032000.00 383287.19 4536000.00 574930.85 5040000.00 766574.38 6048000.00 574930.85 11088000.00 1916436.08 )
  L97_N39_N46 ( N39 N46 ) 504000.00 663381.90 0.00 0.00 ( 504000.00 663381.90 1008000.00 1326763.35 1512000.00 1990145.25 2016000.00 663381.90 2520000.00 1326763.35 3024000.00 1990145.25 4032000.00 1326763.35 4536000.00 1990145.25 5040000.00 2653526.70 6048000.00 1990145.25 11088000.00 6633817.20 )
  L98_N40_N13 ( N40 N13 ) 2016000.00 1238312.88 0.00 0.00 ( 504000.00 1238312.88 1008000.00 2476624.92 1512000.00 3714937.80 2016000.00 1238312.88 2520000.00 2476624.92 3024000.00 3714937.80 4032000.00 2476624.92 4536000.00 3714937.80 5040000.00 4953249.84 6048000.00 3714937.80 11088000.00 12383125.44 )
  L99_N40_N16 ( N40 N16 ) 504000.00 339061.86 0.00 0.00 ( 504000.00 339061.86 1008000.00 678123.49 1512000.00 1017185.35 2016000.00 339061.86 2520000.00 678123.49 3024000.00 1017185.35 4032000.00 678123.49 4536000.00 1017185.35 5040000.00 1356246.98 6048000.00 1017185.35 11088000.00 3390617.68 )
  L100_N40_N30 ( N40 N30 ) 2520000.00 1238312.46 0.00 0.00 ( 504000.00 619156.44 1008000.00 1238312.46 1512000.00 1857468.90 2016000.00 619156.44 2520000.00 1238312.46 3024000.00 1857468.90 4032000.00 1238312.46 4536000.00 1857468.90 5040000.00 2476624.92 6048000.00 1857468.90 11088000.00 6191562.72 )
  L101_N46_N28 ( N46 N28 ) 2016000.00 855025.56 0.00 0.00 ( 504000.00 855025.56 1008000.00 1710050.54 1512000.00 2565076.10 2016000.00 855025.56 2520000.00 1710050.54 3024000.00 2565076.10 4032000.00 1710050.54 4536000.00 2565076.10 5040000.00 3420101.08 6048000.00 2565076.10 11088000.00 8550253.28 )
  L102_N55_N24 ( N55 N24 ) 2520000.00 1356246.98 0.00 0.00 ( 504000.00 678123.72 1008000.00 1356246.98 1512000.00 2034370.70 2016000.00 678123.72 2520000.00 1356246.98 3024000.00 2034370.70 4032000.00 1356246.98 4536000.00 2034370.70 5040000.00 2712493.96 6048000.00 2034370.70 11088000.00 6781235.36 )
  L103_N55_N28 ( N55 N28 ) 3024000.00 1945919.80 0.00 0.00 ( 504000.00 648640.08 1008000.00 1297279.72 1512000.00 1945919.80 2016000.00 648640.08 2520000.00 1297279.72 3024000.00 1945919.80 4032000.00 1297279.72 4536000.00 1945919.80 5040000.00 2594559.44 6048000.00 1945919.80 11088000.00 6486399.04 )
  L104_N59_N35 ( N59 N35 ) 2520000.00 2004886.84 0.00 0.00 ( 504000.00 1002443.76 1008000.00 2004886.84 1512000.00 3007330.60 2016000.00 1002443.76 2520000.00 2004886.84 3024000.00 3007330.60 4032000.00 2004886.84 4536000.00 3007330.60 5040000.00 4009773.68 6048000.00 3007330.60 11088000.00 10024434.88 )
  L105_N59_N60 ( N59 N60 ) 1008000.00 855025.27 0.00 0.00 ( 504000.00 427512.78 1008000.00 855025.27 1512000.00 1282538.05 2016000.00 427512.78 2520000.00 855025.27 3024000.00 1282538.05 4032000.00 855025.27 4536000.00 1282538.05 5040000.00 1710050.54 6048000.00 1282538.05 11088000.00 4275126.64 )
  L106_N63_N30 ( N63 N30 ) 0.00 0.00 0.00 0.00 ( 504000.00 398029.14 1008000.00 796058.01 1512000.00 1194087.15 2016000.00 398029.14 2520000.00 796058.01 3024000.00 1194087.15 4032000.00 796058.01 4536000.00 1194087.15 5040000.00 1592116.02 6048000.00 1194087.15 11088000.00 3980290.32 )
  L107_N63_N59 ( N63 N59 ) 5040000.00 2653526.70 0.00 0.00 ( 504000.00 663381.90 1008000.00 1326763.35 1512000.00 1990145.25 2016000.00 663381.90 2520000.00 1326763.35 3024000.00 1990145.25 4032000.00 1326763.35 4536000.00 1990145.25 5040000.00 2653526.70 6048000.00 1990145.25 11088000.00 6633817.20 )
  L108_N65_N13 ( N65 N13 ) 2520000.00 737090.75 0.00 0.00 ( 504000.00 368545.50 1008000.00 737090.75 1512000.00 1105636.25 2016000.00 368545.50 2520000.00 737090.75 3024000.00 1105636.25 4032000.00 737090.75 4536000.00 1105636.25 5040000.00 1474181.50 6048000.00 1105636.25 11088000.00 3685454.00 )